Typecode	ROC		HalfROC		Seq		ROCpin		TrLink		TrCell		iring		iphi		t		trace		
TM-A5A6		0		1		5		5		3		1		0		0		1		0
TM-A5A6		0		1		7		7		3		1		0		1		1		0
TM-A5A6		0		1		1		1		3		0		0		2		1		0
TM-A5A6		0		1		3		3		3		0		0		3		1		0
TM-A5A6		0		1		14		14		3		3		0		4		1		0
TM-A5A6		0		1		16		16		3		3		0		5		1		0
TM-A5A6		0		1		10		10		3		2		0		6		1		0
TM-A5A6		0		1		12		12		3		2		0		7		1		0
TM-A5A6		0		1		4		4		3		1		1		0		1		0
TM-A5A6		0		1		6		6		3		1		1		1		1		0
TM-A5A6		0		1		0		0		3		0		1		2		1		0
TM-A5A6		0		1		2		2		3		0		1		3		1		0
TM-A5A6		0		1		13		13		3		3		1		4		1		0
TM-A5A6		0		1		15		15		3		3		1		5		1		0
TM-A5A6		0		1		8		8		-1		-1		-1		-1		-1		0
TM-A5A6		0		1		9		9		3		2		1		6		1		0
TM-A5A6		0		1		11		11		3		2		1		7		1		0
TM-A5A6		0		0		20		20		2		0		2		0		1		0
TM-A5A6		0		0		22		22		2		0		2		1		1		0
TM-A5A6		0		0		33		33		2		3		2		2		1		0
TM-A5A6		0		0		35		35		2		3		2		3		1		0
TM-A5A6		0		0		29		29		2		2		2		4		1		0
TM-A5A6		0		0		31		31		2		2		2		5		1		0
TM-A5A6		0		0		24		24		2		1		2		6		1		0
TM-A5A6		0		0		26		26		2		1		2		7		1		0
TM-A5A6		0		0		17		17		-1		-1		-1		-1		-1		0
TM-A5A6		0		0		18		18		-1		-1		-1		-1		-1		0
TM-A5A6		0		0		19		19		2		0		3		0		1		0
TM-A5A6		0		0		21		21		2		0		3		1		1		0
TM-A5A6		0		0		32		32		2		3		3		2		1		0
TM-A5A6		0		0		34		34		2		3		3		3		1		0
TM-A5A6		0		0		27		27		-1		-1		-1		-1		-1		0
TM-A5A6		0		0		28		28		2		2		3		4		1		0
TM-A5A6		0		0		30		30		2		2		3		5		1		0
TM-A5A6		0		0		23		23		2		1		3		6		1		0
TM-A5A6		0		0		25		25		2		1		3		7		1		0
TM-A5A6		0		0		14		14		1		3		4		0		1		0
TM-A5A6		0		0		16		16		1		3		4		1		1		0
TM-A5A6		0		0		10		10		1		2		4		2		1		0
TM-A5A6		0		0		12		12		1		2		4		3		1		0
TM-A5A6		0		0		1		1		1		0		4		4		1		0
TM-A5A6		0		0		3		3		1		0		4		5		1		0
TM-A5A6		0		0		5		5		1		1		4		6		1		0
TM-A5A6		0		0		7		7		1		1		4		7		1		0
TM-A5A6		0		0		8		8		-1		-1		-1		-1		-1		0
TM-A5A6		0		0		13		13		1		3		5		0		1		0
TM-A5A6		0		0		15		15		1		3		5		1		1		0
TM-A5A6		0		0		9		9		1		2		5		2		1		0
TM-A5A6		0		0		11		11		1		2		5		3		1		0
TM-A5A6		0		0		0		0		1		0		5		4		1		0
TM-A5A6		0		0		2		2		1		0		5		5		1		0
TM-A5A6		0		0		4		4		1		1		5		6		1		0
TM-A5A6		0		0		6		6		1		1		5		7		1		0
TM-B11B12		1		0		20		20		6		0		6		0		1		0
TM-B11B12		1		0		22		22		6		0		6		1		1		0
TM-B11B12		1		0		33		33		6		3		6		2		1		0
TM-B11B12		1		0		35		35		6		3		6		3		1		0
TM-B11B12		1		0		29		29		6		2		6		4		1		0
TM-B11B12		1		0		31		31		6		2		6		5		1		0
TM-B11B12		1		0		24		24		6		1		6		6		1		0
TM-B11B12		1		0		26		26		6		1		6		7		1		0
TM-B11B12		1		0		17		17		-1		-1		-1		-1		-1		0
TM-B11B12		1		0		18		18		-1		-1		-1		-1		-1		0
TM-B11B12		1		0		19		19		6		0		7		0		1		0
TM-B11B12		1		0		21		21		6		0		7		1		1		0
TM-B11B12		1		0		32		32		6		3		7		2		1		0
TM-B11B12		1		0		34		34		6		3		7		3		1		0
TM-B11B12		1		0		27		27		-1		-1		-1		-1		-1		0
TM-B11B12		1		0		28		28		6		2		7		4		1		0
TM-B11B12		1		0		30		30		6		2		7		5		1		0
TM-B11B12		1		0		23		23		6		1		7		6		1		0
TM-B11B12		1		0		25		25		6		1		7		7		1		0
TM-B11B12		1		0		14		14		5		3		8		0		1		0
TM-B11B12		1		0		16		16		5		3		8		1		1		0
TM-B11B12		1		0		10		10		5		2		8		2		1		0
TM-B11B12		1		0		12		12		5		2		8		3		1		0
TM-B11B12		1		0		1		1		5		0		8		4		1		0
TM-B11B12		1		0		3		3		5		0		8		5		1		0
TM-B11B12		1		0		5		5		5		1		8		6		1		0
TM-B11B12		1		0		7		7		5		1		8		7		1		0
TM-B11B12		1		0		13		13		5		3		9		0		1		0
TM-B11B12		1		0		15		15		5		3		9		1		1		0
TM-B11B12		1		0		8		8		-1		-1		-1		-1		-1		0
TM-B11B12		1		0		9		9		5		2		9		2		1		0
TM-B11B12		1		0		11		11		5		2		9		3		1		0
TM-B11B12		1		0		0		0		5		0		9		4		1		0
TM-B11B12		1		0		2		2		5		0		9		5		1		0
TM-B11B12		1		0		4		4		5		1		9		6		1		0
TM-B11B12		1		0		6		6		5		1		9		7		1		0
TM-B11B12		0		1		33		33		4		3		10		0		1		0
TM-B11B12		0		1		35		35		4		3		10		1		1		0
TM-B11B12		0		1		29		29		4		2		10		2		1		0
TM-B11B12		0		1		31		31		4		2		10		3		1		0
TM-B11B12		0		1		24		24		4		1		10		4		1		0
TM-B11B12		0		1		26		26		4		1		10		5		1		0
TM-B11B12		0		1		20		20		4		0		10		6		1		0
TM-B11B12		0		1		22		22		4		0		10		7		1		0
TM-B11B12		0		1		32		32		4		3		11		0		1		0
TM-B11B12		0		1		34		34		4		3		11		1		1		0
TM-B11B12		0		1		27		27		-1		-1		-1		-1		-1		0
TM-B11B12		0		1		28		28		4		2		11		2		1		0
TM-B11B12		0		1		30		30		4		2		11		3		1		0
TM-B11B12		0		1		23		23		4		1		11		4		1		0
TM-B11B12		0		1		25		25		4		1		11		5		1		0
TM-B11B12		0		1		17		17		-1		-1		-1		-1		-1		0
TM-B11B12		0		1		18		18		-1		-1		-1		-1		-1		0
TM-B11B12		0		1		19		19		4		0		11		6		1		0
TM-B11B12		0		1		21		21		4		0		11		7		1		0
TM-B11B12		0		1		5		5		3		1		12		0		1		0
TM-B11B12		0		1		7		7		3		1		12		1		1		0
TM-B11B12		0		1		1		1		3		0		12		2		1		0
TM-B11B12		0		1		3		3		3		0		12		3		1		0
TM-B11B12		0		1		14		14		3		3		12		4		1		0
TM-B11B12		0		1		16		16		3		3		12		5		1		0
TM-B11B12		0		1		10		10		3		2		12		6		1		0
TM-B11B12		0		1		12		12		3		2		12		7		1		0
TM-B11B12		0		1		4		4		3		1		13		0		1		0
TM-B11B12		0		1		6		6		3		1		13		1		1		0
TM-B11B12		0		1		0		0		3		0		13		2		1		0
TM-B11B12		0		1		2		2		3		0		13		3		1		0
TM-B11B12		0		1		13		13		3		3		13		4		1		0
TM-B11B12		0		1		15		15		3		3		13		5		1		0
TM-B11B12		0		1		8		8		-1		-1		-1		-1		-1		0
TM-B11B12		0		1		9		9		3		2		13		6		1		0
TM-B11B12		0		1		11		11		3		2		13		7		1		0
TM-B11B12		0		0		20		20		2		0		14		0		1		0
TM-B11B12		0		0		22		22		2		0		14		1		1		0
TM-B11B12		0		0		33		33		2		3		14		2		1		0
TM-B11B12		0		0		35		35		2		3		14		3		1		0
TM-B11B12		0		0		29		29		2		2		14		4		1		0
TM-B11B12		0		0		31		31		2		2		14		5		1		0
TM-B11B12		0		0		24		24		2		1		14		6		1		0
TM-B11B12		0		0		26		26		2		1		14		7		1		0
TM-B11B12		0		0		17		17		-1		-1		-1		-1		-1		0
TM-B11B12		0		0		18		18		-1		-1		-1		-1		-1		0
TM-B11B12		0		0		19		19		2		0		15		0		1		0
TM-B11B12		0		0		21		21		2		0		15		1		1		0
TM-B11B12		0		0		32		32		2		3		15		2		1		0
TM-B11B12		0		0		34		34		2		3		15		3		1		0
TM-B11B12		0		0		27		27		-1		-1		-1		-1		-1		0
TM-B11B12		0		0		28		28		2		2		15		4		1		0
TM-B11B12		0		0		30		30		2		2		15		5		1		0
TM-B11B12		0		0		23		23		2		1		15		6		1		0
TM-B11B12		0		0		25		25		2		1		15		7		1		0
TM-B11B12		0		0		14		14		1		3		16		0		1		0
TM-B11B12		0		0		16		16		1		3		16		1		1		0
TM-B11B12		0		0		10		10		1		2		16		2		1		0
TM-B11B12		0		0		12		12		1		2		16		3		1		0
TM-B11B12		0		0		1		1		1		0		16		4		1		0
TM-B11B12		0		0		3		3		1		0		16		5		1		0
TM-B11B12		0		0		5		5		1		1		16		6		1		0
TM-B11B12		0		0		7		7		1		1		16		7		1		0
TM-B11B12		0		0		8		8		-1		-1		-1		-1		-1		0
TM-B11B12		0		0		13		13		1		3		17		0		1		0
TM-B11B12		0		0		15		15		1		3		17		1		1		0
TM-B11B12		0		0		9		9		1		2		17		2		1		0
TM-B11B12		0		0		11		11		1		2		17		3		1		0
TM-B11B12		0		0		0		0		1		0		17		4		1		0
TM-B11B12		0		0		2		2		1		0		17		5		1		0
TM-B11B12		0		0		4		4		1		1		17		6		1		0
TM-B11B12		0		0		6		6		1		1		17		7		1		0
TM-C5		0		1		4		4		3		1		13		0		1		0
TM-C5		0		1		6		6		3		1		13		1		1		0
TM-C5		0		1		0		0		3		0		13		2		1		0
TM-C5		0		1		2		2		3		0		13		3		1		0
TM-C5		0		1		13		13		3		3		13		4		1		0
TM-C5		0		1		15		15		3		3		13		5		1		0
TM-C5		0		1		8		8		-1		-1		-1		-1		-1		0
TM-C5		0		1		9		9		3		2		13		6		1		0
TM-C5		0		1		11		11		3		2		13		7		1		0
TM-C5		0		0		20		20		2		0		14		0		1		0
TM-C5		0		0		22		22		2		0		14		1		1		0
TM-C5		0		0		33		33		2		3		14		2		1		0
TM-C5		0		0		35		35		2		3		14		3		1		0
TM-C5		0		0		29		29		2		2		14		4		1		0
TM-C5		0		0		31		31		2		2		14		5		1		0
TM-C5		0		0		24		24		2		1		14		6		1		0
TM-C5		0		0		26		26		2		1		14		7		1		0
TM-C5		0		0		17		17		-1		-1		-1		-1		-1		0
TM-C5		0		0		18		18		-1		-1		-1		-1		-1		0
TM-C5		0		0		19		19		2		0		15		0		1		0
TM-C5		0		0		21		21		2		0		15		1		1		0
TM-C5		0		0		32		32		2		3		15		2		1		0
TM-C5		0		0		34		34		2		3		15		3		1		0
TM-C5		0		0		27		27		-1		-1		-1		-1		-1		0
TM-C5		0		0		28		28		2		2		15		4		1		0
TM-C5		0		0		30		30		2		2		15		5		1		0
TM-C5		0		0		23		23		2		1		15		6		1		0
TM-C5		0		0		25		25		2		1		15		7		1		0
TM-C5		0		0		14		14		1		3		16		0		1		0
TM-C5		0		0		16		16		1		3		16		1		1		0
TM-C5		0		0		10		10		1		2		16		2		1		0
TM-C5		0		0		12		12		1		2		16		3		1		0
TM-C5		0		0		1		1		1		0		16		4		1		0
TM-C5		0		0		3		3		1		0		16		5		1		0
TM-C5		0		0		5		5		1		1		16		6		1		0
TM-C5		0		0		7		7		1		1		16		7		1		0
TM-C5		0		0		8		8		-1		-1		-1		-1		-1		0
TM-C5		0		0		13		13		1		3		17		0		1		0
TM-C5		0		0		15		15		1		3		17		1		1		0
TM-C5		0		0		9		9		1		2		17		2		1		0
TM-C5		0		0		11		11		1		2		17		3		1		0
TM-C5		0		0		0		0		1		0		17		4		1		0
TM-C5		0		0		2		2		1		0		17		5		1		0
TM-C5		0		0		4		4		1		1		17		6		1		0
TM-C5		0		0		6		6		1		1		17		7		1		0
TM-D8		0		1		33		33		4		3		18		0		1		0
TM-D8		0		1		35		35		4		3		18		1		1		0
TM-D8		0		1		29		29		4		2		18		2		1		0
TM-D8		0		1		31		31		4		2		18		3		1		0
TM-D8		0		1		24		24		4		1		18		4		1		0
TM-D8		0		1		26		26		4		1		18		5		1		0
TM-D8		0		1		20		20		4		0		18		6		1		0
TM-D8		0		1		22		22		4		0		18		7		1		0
TM-D8		0		1		32		32		4		3		19		0		1		0
TM-D8		0		1		34		34		4		3		19		1		1		0
TM-D8		0		1		27		27		-1		-1		-1		-1		-1		0
TM-D8		0		1		28		28		4		2		19		2		1		0
TM-D8		0		1		30		30		4		2		19		3		1		0
TM-D8		0		1		23		23		4		1		19		4		1		0
TM-D8		0		1		25		25		4		1		19		5		1		0
TM-D8		0		1		17		17		-1		-1		-1		-1		-1		0
TM-D8		0		1		18		18		-1		-1		-1		-1		-1		0
TM-D8		0		1		19		19		4		0		19		6		1		0
TM-D8		0		1		21		21		4		0		19		7		1		0
TM-D8		0		1		5		5		3		1		20		0		1		0
TM-D8		0		1		7		7		3		1		20		1		1		0
TM-D8		0		1		1		1		3		0		20		2		1		0
TM-D8		0		1		3		3		3		0		20		3		1		0
TM-D8		0		1		14		14		3		3		20		4		1		0
TM-D8		0		1		16		16		3		3		20		5		1		0
TM-D8		0		1		10		10		3		2		20		6		1		0
TM-D8		0		1		12		12		3		2		20		7		1		0
TM-D8		0		1		4		4		3		1		21		0		1		0
TM-D8		0		1		6		6		3		1		21		1		1		0
TM-D8		0		1		0		0		3		0		21		2		1		0
TM-D8		0		1		2		2		3		0		21		3		1		0
TM-D8		0		1		13		13		3		3		21		4		1		0
TM-D8		0		1		15		15		3		3		21		5		1		0
TM-D8		0		1		8		8		-1		-1		-1		-1		-1		0
TM-D8		0		1		9		9		3		2		21		6		1		0
TM-D8		0		1		11		11		3		2		21		7		1		0
TM-D8		0		0		20		20		2		0		22		0		1		0
TM-D8		0		0		22		22		2		0		22		1		1		0
TM-D8		0		0		33		33		2		3		22		2		1		0
TM-D8		0		0		35		35		2		3		22		3		1		0
TM-D8		0		0		29		29		2		2		22		4		1		0
TM-D8		0		0		31		31		2		2		22		5		1		0
TM-D8		0		0		24		24		2		1		22		6		1		0
TM-D8		0		0		26		26		2		1		22		7		1		0
TM-D8		0		0		17		17		-1		-1		-1		-1		-1		0
TM-D8		0		0		18		18		-1		-1		-1		-1		-1		0
TM-D8		0		0		19		19		2		0		23		0		1		0
TM-D8		0		0		21		21		2		0		23		1		1		0
TM-D8		0		0		32		32		2		3		23		2		1		0
TM-D8		0		0		34		34		2		3		23		3		1		0
TM-D8		0		0		27		27		-1		-1		-1		-1		-1		0
TM-D8		0		0		28		28		2		2		23		4		1		0
TM-D8		0		0		30		30		2		2		23		5		1		0
TM-D8		0		0		23		23		2		1		23		6		1		0
TM-D8		0		0		25		25		2		1		23		7		1		0
TM-D8		0		0		14		14		1		3		24		0		1		0
TM-D8		0		0		16		16		1		3		24		1		1		0
TM-D8		0		0		10		10		1		2		24		2		1		0
TM-D8		0		0		12		12		1		2		24		3		1		0
TM-D8		0		0		1		1		1		0		24		4		1		0
TM-D8		0		0		3		3		1		0		24		5		1		0
TM-D8		0		0		5		5		1		1		24		6		1		0
TM-D8		0		0		7		7		1		1		24		7		1		0
TM-D8		0		0		8		8		-1		-1		-1		-1		-1		0
TM-D8		0		0		13		13		1		3		25		0		1		0
TM-D8		0		0		15		15		1		3		25		1		1		0
TM-D8		0		0		9		9		1		2		25		2		1		0
TM-D8		0		0		11		11		1		2		25		3		1		0
TM-D8		0		0		0		0		1		0		25		4		1		0
TM-D8		0		0		2		2		1		0		25		5		1		0
TM-D8		0		0		4		4		1		1		25		6		1		0
TM-D8		0		0		6		6		1		1		25		7		1		0
TM-E8		0		1		33		33		4		3		26		0		1		0
TM-E8		0		1		35		35		4		3		26		1		1		0
TM-E8		0		1		29		29		4		2		26		2		1		0
TM-E8		0		1		31		31		4		2		26		3		1		0
TM-E8		0		1		24		24		4		1		26		4		1		0
TM-E8		0		1		26		26		4		1		26		5		1		0
TM-E8		0		1		20		20		4		0		26		6		1		0
TM-E8		0		1		22		22		4		0		26		7		1		0
TM-E8		0		1		32		32		4		3		27		0		1		0
TM-E8		0		1		34		34		4		3		27		1		1		0
TM-E8		0		1		27		27		-1		-1		-1		-1		-1		0
TM-E8		0		1		28		28		4		2		27		2		1		0
TM-E8		0		1		30		30		4		2		27		3		1		0
TM-E8		0		1		23		23		4		1		27		4		1		0
TM-E8		0		1		25		25		4		1		27		5		1		0
TM-E8		0		1		17		17		-1		-1		-1		-1		-1		0
TM-E8		0		1		18		18		-1		-1		-1		-1		-1		0
TM-E8		0		1		19		19		4		0		27		6		1		0
TM-E8		0		1		21		21		4		0		27		7		1		0
TM-E8		0		1		5		5		3		1		28		0		1		0
TM-E8		0		1		7		7		3		1		28		1		1		0
TM-E8		0		1		1		1		3		0		28		2		1		0
TM-E8		0		1		3		3		3		0		28		3		1		0
TM-E8		0		1		14		14		3		3		28		4		1		0
TM-E8		0		1		16		16		3		3		28		5		1		0
TM-E8		0		1		10		10		3		2		28		6		1		0
TM-E8		0		1		12		12		3		2		28		7		1		0
TM-E8		0		1		4		4		3		1		29		0		1		0
TM-E8		0		1		6		6		3		1		29		1		1		0
TM-E8		0		1		0		0		3		0		29		2		1		0
TM-E8		0		1		2		2		3		0		29		3		1		0
TM-E8		0		1		13		13		3		3		29		4		1		0
TM-E8		0		1		15		15		3		3		29		5		1		0
TM-E8		0		1		8		8		-1		-1		-1		-1		-1		0
TM-E8		0		1		9		9		3		2		29		6		1		0
TM-E8		0		1		11		11		3		2		29		7		1		0
TM-E8		0		0		20		20		2		0		30		0		1		0
TM-E8		0		0		22		22		2		0		30		1		1		0
TM-E8		0		0		33		33		2		3		30		2		1		0
TM-E8		0		0		35		35		2		3		30		3		1		0
TM-E8		0		0		29		29		2		2		30		4		1		0
TM-E8		0		0		31		31		2		2		30		5		1		0
TM-E8		0		0		24		24		2		1		30		6		1		0
TM-E8		0		0		26		26		2		1		30		7		1		0
TM-E8		0		0		17		17		-1		-1		-1		-1		-1		0
TM-E8		0		0		18		18		-1		-1		-1		-1		-1		0
TM-E8		0		0		19		19		2		0		31		0		1		0
TM-E8		0		0		21		21		2		0		31		1		1		0
TM-E8		0		0		32		32		2		3		31		2		1		0
TM-E8		0		0		34		34		2		3		31		3		1		0
TM-E8		0		0		27		27		-1		-1		-1		-1		-1		0
TM-E8		0		0		28		28		2		2		31		4		1		0
TM-E8		0		0		30		30		2		2		31		5		1		0
TM-E8		0		0		23		23		2		1		31		6		1		0
TM-E8		0		0		25		25		2		1		31		7		1		0
TM-E8		0		0		14		14		1		3		32		0		1		0
TM-E8		0		0		16		16		1		3		32		1		1		0
TM-E8		0		0		10		10		1		2		32		2		1		0
TM-E8		0		0		12		12		1		2		32		3		1		0
TM-E8		0		0		1		1		1		0		32		4		1		0
TM-E8		0		0		3		3		1		0		32		5		1		0
TM-E8		0		0		5		5		1		1		32		6		1		0
TM-E8		0		0		7		7		1		1		32		7		1		0
TM-E8		0		0		8		8		-1		-1		-1		-1		-1		0
TM-E8		0		0		13		13		1		3		33		0		1		0
TM-E8		0		0		15		15		1		3		33		1		1		0
TM-E8		0		0		9		9		1		2		33		2		1		0
TM-E8		0		0		11		11		1		2		33		3		1		0
TM-E8		0		0		0		0		1		0		33		4		1		0
TM-E8		0		0		2		2		1		0		33		5		1		0
TM-E8		0		0		4		4		1		1		33		6		1		0
TM-E8		0		0		6		6		1		1		33		7		1		0
TM-G3		0		0		17		17		-1		-1		-1		-1		-1		0
TM-G3		0		0		18		18		-1		-1		-1		-1		-1		0
TM-G3		0		0		19		19		2		0		34		0		1		0
TM-G3		0		0		21		21		2		0		34		1		1		0
TM-G3		0		0		32		32		2		3		34		2		1		0
TM-G3		0		0		34		34		2		3		34		3		1		0
TM-G3		0		0		27		27		-1		-1		-1		-1		-1		0
TM-G3		0		0		28		28		2		2		34		4		1		0
TM-G3		0		0		30		30		2		2		34		5		1		0
TM-G3		0		0		23		23		2		1		34		6		1		0
TM-G3		0		0		25		25		2		1		34		7		1		0
TM-G3		0		0		14		14		1		3		35		0		1		0
TM-G3		0		0		16		16		1		3		35		1		1		0
TM-G3		0		0		10		10		1		2		35		2		1		0
TM-G3		0		0		12		12		1		2		35		3		1		0
TM-G3		0		0		1		1		1		0		35		4		1		0
TM-G3		0		0		3		3		1		0		35		5		1		0
TM-G3		0		0		5		5		1		1		35		6		1		0
TM-G3		0		0		7		7		1		1		35		7		1		0
TM-G3		0		0		8		8		-1		-1		-1		-1		-1		0
TM-G3		0		0		13		13		1		3		36		0		1		0
TM-G3		0		0		15		15		1		3		36		1		1		0
TM-G3		0		0		9		9		1		2		36		2		1		0
TM-G3		0		0		11		11		1		2		36		3		1		0
TM-G3		0		0		0		0		1		0		36		4		1		0
TM-G3		0		0		2		2		1		0		36		5		1		0
TM-G3		0		0		4		4		1		1		36		6		1		0
TM-G3		0		0		6		6		1		1		36		7		1		0
TM-G5		0		1		4		4		3		1		34		0		1		0
TM-G5		0		1		6		6		3		1		34		1		1		0
TM-G5		0		1		0		0		3		0		34		2		1		0
TM-G5		0		1		2		2		3		0		34		3		1		0
TM-G5		0		1		13		13		3		3		34		4		1		0
TM-G5		0		1		15		15		3		3		34		5		1		0
TM-G5		0		1		8		8		-1		-1		-1		-1		-1		0
TM-G5		0		1		9		9		3		2		34		6		1		0
TM-G5		0		1		11		11		3		2		34		7		1		0
TM-G5		0		0		20		20		2		0		35		0		1		0
TM-G5		0		0		22		22		2		0		35		1		1		0
TM-G5		0		0		33		33		2		3		35		2		1		0
TM-G5		0		0		35		35		2		3		35		3		1		0
TM-G5		0		0		29		29		2		2		35		4		1		0
TM-G5		0		0		31		31		2		2		35		5		1		0
TM-G5		0		0		24		24		2		1		35		6		1		0
TM-G5		0		0		26		26		2		1		35		7		1		0
TM-G5		0		0		17		17		-1		-1		-1		-1		-1		0
TM-G5		0		0		18		18		-1		-1		-1		-1		-1		0
TM-G5		0		0		19		19		2		0		36		0		1		0
TM-G5		0		0		21		21		2		0		36		1		1		0
TM-G5		0		0		32		32		2		3		36		2		1		0
TM-G5		0		0		34		34		2		3		36		3		1		0
TM-G5		0		0		27		27		-1		-1		-1		-1		-1		0
TM-G5		0		0		28		28		2		2		36		4		1		0
TM-G5		0		0		30		30		2		2		36		5		1		0
TM-G5		0		0		23		23		2		1		36		6		1		0
TM-G5		0		0		25		25		2		1		36		7		1		0
TM-G5		0		0		14		14		1		3		37		0		1		0
TM-G5		0		0		16		16		1		3		37		1		1		0
TM-G5		0		0		10		10		1		2		37		2		1		0
TM-G5		0		0		12		12		1		2		37		3		1		0
TM-G5		0		0		1		1		1		0		37		4		1		0
TM-G5		0		0		3		3		1		0		37		5		1		0
TM-G5		0		0		5		5		1		1		37		6		1		0
TM-G5		0		0		7		7		1		1		37		7		1		0
TM-G5		0		0		8		8		-1		-1		-1		-1		-1		0
TM-G5		0		0		13		13		1		3		38		0		1		0
TM-G5		0		0		15		15		1		3		38		1		1		0
TM-G5		0		0		9		9		1		2		38		2		1		0
TM-G5		0		0		11		11		1		2		38		3		1		0
TM-G5		0		0		0		0		1		0		38		4		1		0
TM-G5		0		0		2		2		1		0		38		5		1		0
TM-G5		0		0		4		4		1		1		38		6		1		0
TM-G5		0		0		6		6		1		1		38		7		1		0
TM-G7		0		1		32		32		4		3		34		0		1		0
TM-G7		0		1		34		34		4		3		34		1		1		0
TM-G7		0		1		27		27		-1		-1		-1		-1		-1		0
TM-G7		0		1		28		28		4		2		34		2		1		0
TM-G7		0		1		30		30		4		2		34		3		1		0
TM-G7		0		1		23		23		4		1		34		4		1		0
TM-G7		0		1		25		25		4		1		34		5		1		0
TM-G7		0		1		17		17		-1		-1		-1		-1		-1		0
TM-G7		0		1		18		18		-1		-1		-1		-1		-1		0
TM-G7		0		1		19		19		4		0		34		6		1		0
TM-G7		0		1		21		21		4		0		34		7		1		0
TM-G7		0		1		5		5		3		1		35		0		1		0
TM-G7		0		1		7		7		3		1		35		1		1		0
TM-G7		0		1		1		1		3		0		35		2		1		0
TM-G7		0		1		3		3		3		0		35		3		1		0
TM-G7		0		1		14		14		3		3		35		4		1		0
TM-G7		0		1		16		16		3		3		35		5		1		0
TM-G7		0		1		10		10		3		2		35		6		1		0
TM-G7		0		1		12		12		3		2		35		7		1		0
TM-G7		0		1		4		4		3		1		36		0		1		0
TM-G7		0		1		6		6		3		1		36		1		1		0
TM-G7		0		1		0		0		3		0		36		2		1		0
TM-G7		0		1		2		2		3		0		36		3		1		0
TM-G7		0		1		13		13		3		3		36		4		1		0
TM-G7		0		1		15		15		3		3		36		5		1		0
TM-G7		0		1		8		8		-1		-1		-1		-1		-1		0
TM-G7		0		1		9		9		3		2		36		6		1		0
TM-G7		0		1		11		11		3		2		36		7		1		0
TM-G7		0		0		20		20		2		0		37		0		1		0
TM-G7		0		0		22		22		2		0		37		1		1		0
TM-G7		0		0		33		33		2		3		37		2		1		0
TM-G7		0		0		35		35		2		3		37		3		1		0
TM-G7		0		0		29		29		2		2		37		4		1		0
TM-G7		0		0		31		31		2		2		37		5		1		0
TM-G7		0		0		24		24		2		1		37		6		1		0
TM-G7		0		0		26		26		2		1		37		7		1		0
TM-G7		0		0		17		17		-1		-1		-1		-1		-1		0
TM-G7		0		0		18		18		-1		-1		-1		-1		-1		0
TM-G7		0		0		19		19		2		0		38		0		1		0
TM-G7		0		0		21		21		2		0		38		1		1		0
TM-G7		0		0		32		32		2		3		38		2		1		0
TM-G7		0		0		34		34		2		3		38		3		1		0
TM-G7		0		0		27		27		-1		-1		-1		-1		-1		0
TM-G7		0		0		28		28		2		2		38		4		1		0
TM-G7		0		0		30		30		2		2		38		5		1		0
TM-G7		0		0		23		23		2		1		38		6		1		0
TM-G7		0		0		25		25		2		1		38		7		1		0
TM-G7		0		0		14		14		1		3		39		0		1		0
TM-G7		0		0		16		16		1		3		39		1		1		0
TM-G7		0		0		10		10		1		2		39		2		1		0
TM-G7		0		0		12		12		1		2		39		3		1		0
TM-G7		0		0		1		1		1		0		39		4		1		0
TM-G7		0		0		3		3		1		0		39		5		1		0
TM-G7		0		0		5		5		1		1		39		6		1		0
TM-G7		0		0		7		7		1		1		39		7		1		0
TM-G7		0		0		8		8		-1		-1		-1		-1		-1		0
TM-G7		0		0		13		13		1		3		40		0		1		0
TM-G7		0		0		15		15		1		3		40		1		1		0
TM-G7		0		0		9		9		1		2		40		2		1		0
TM-G7		0		0		11		11		1		2		40		3		1		0
TM-G7		0		0		0		0		1		0		40		4		1		0
TM-G7		0		0		2		2		1		0		40		5		1		0
TM-G7		0		0		4		4		1		1		40		6		1		0
TM-G7		0		0		6		6		1		1		40		7		1		0
TM-G8		0		1		33		33		4		3		34		0		1		0
TM-G8		0		1		35		35		4		3		34		1		1		0
TM-G8		0		1		29		29		4		2		34		2		1		0
TM-G8		0		1		31		31		4		2		34		3		1		0
TM-G8		0		1		24		24		4		1		34		4		1		0
TM-G8		0		1		26		26		4		1		34		5		1		0
TM-G8		0		1		20		20		4		0		34		6		1		0
TM-G8		0		1		22		22		4		0		34		7		1		0
TM-G8		0		1		32		32		4		3		35		0		1		0
TM-G8		0		1		34		34		4		3		35		1		1		0
TM-G8		0		1		27		27		-1		-1		-1		-1		-1		0
TM-G8		0		1		28		28		4		2		35		2		1		0
TM-G8		0		1		30		30		4		2		35		3		1		0
TM-G8		0		1		23		23		4		1		35		4		1		0
TM-G8		0		1		25		25		4		1		35		5		1		0
TM-G8		0		1		17		17		-1		-1		-1		-1		-1		0
TM-G8		0		1		18		18		-1		-1		-1		-1		-1		0
TM-G8		0		1		19		19		4		0		35		6		1		0
TM-G8		0		1		21		21		4		0		35		7		1		0
TM-G8		0		1		5		5		3		1		36		0		1		0
TM-G8		0		1		7		7		3		1		36		1		1		0
TM-G8		0		1		1		1		3		0		36		2		1		0
TM-G8		0		1		3		3		3		0		36		3		1		0
TM-G8		0		1		14		14		3		3		36		4		1		0
TM-G8		0		1		16		16		3		3		36		5		1		0
TM-G8		0		1		10		10		3		2		36		6		1		0
TM-G8		0		1		12		12		3		2		36		7		1		0
TM-G8		0		1		4		4		3		1		37		0		1		0
TM-G8		0		1		6		6		3		1		37		1		1		0
TM-G8		0		1		0		0		3		0		37		2		1		0
TM-G8		0		1		2		2		3		0		37		3		1		0
TM-G8		0		1		13		13		3		3		37		4		1		0
TM-G8		0		1		15		15		3		3		37		5		1		0
TM-G8		0		1		8		8		-1		-1		-1		-1		-1		0
TM-G8		0		1		9		9		3		2		37		6		1		0
TM-G8		0		1		11		11		3		2		37		7		1		0
TM-G8		0		0		20		20		2		0		38		0		1		0
TM-G8		0		0		22		22		2		0		38		1		1		0
TM-G8		0		0		33		33		2		3		38		2		1		0
TM-G8		0		0		35		35		2		3		38		3		1		0
TM-G8		0		0		29		29		2		2		38		4		1		0
TM-G8		0		0		31		31		2		2		38		5		1		0
TM-G8		0		0		24		24		2		1		38		6		1		0
TM-G8		0		0		26		26		2		1		38		7		1		0
TM-G8		0		0		17		17		-1		-1		-1		-1		-1		0
TM-G8		0		0		18		18		-1		-1		-1		-1		-1		0
TM-G8		0		0		19		19		2		0		39		0		1		0
TM-G8		0		0		21		21		2		0		39		1		1		0
TM-G8		0		0		32		32		2		3		39		2		1		0
TM-G8		0		0		34		34		2		3		39		3		1		0
TM-G8		0		0		27		27		-1		-1		-1		-1		-1		0
TM-G8		0		0		28		28		2		2		39		4		1		0
TM-G8		0		0		30		30		2		2		39		5		1		0
TM-G8		0		0		23		23		2		1		39		6		1		0
TM-G8		0		0		25		25		2		1		39		7		1		0
TM-G8		0		0		14		14		1		3		40		0		1		0
TM-G8		0		0		16		16		1		3		40		1		1		0
TM-G8		0		0		10		10		1		2		40		2		1		0
TM-G8		0		0		12		12		1		2		40		3		1		0
TM-G8		0		0		1		1		1		0		40		4		1		0
TM-G8		0		0		3		3		1		0		40		5		1		0
TM-G8		0		0		5		5		1		1		40		6		1		0
TM-G8		0		0		7		7		1		1		40		7		1		0
TM-G8		0		0		8		8		-1		-1		-1		-1		-1		0
TM-G8		0		0		13		13		1		3		41		0		1		0
TM-G8		0		0		15		15		1		3		41		1		1		0
TM-G8		0		0		9		9		1		2		41		2		1		0
TM-G8		0		0		11		11		1		2		41		3		1		0
TM-G8		0		0		0		0		1		0		41		4		1		0
TM-G8		0		0		2		2		1		0		41		5		1		0
TM-G8		0		0		4		4		1		1		41		6		1		0
TM-G8		0		0		6		6		1		1		41		7		1		0
TM-J12		1		1		29		29		1		3		h0		0		1		0
TM-J12		1		1		30		30		1		3		h0		1		1		0
TM-J12		1		1		31		31		1		3		h0		2		1		0
TM-J12		1		1		22		22		1		2		h0		3		1		0
TM-J12		1		1		20		20		1		2		h0		4		1		0
TM-J12		1		1		21		21		1		2		h0		5		1		0
TM-J12		1		1		11		11		1		1		h0		6		1		0
TM-J12		1		1		12		12		1		1		h0		7		1		0
TM-J12		1		1		13		13		1		1		h0		8		1		0
TM-J12		1		1		4		4		1		0		h0		9		1		0
TM-J12		1		1		2		2		1		0		h0		10		1		0
TM-J12		1		1		3		3		1		0		h0		11		1		0
TM-J12		1		1		28		28		1		3		h1		0		1		0
TM-J12		1		1		27		27		1		3		h1		1		1		0
TM-J12		1		1		32		32		1		3		h1		2		1		0
TM-J12		1		1		23		23		1		2		h1		3		1		0
TM-J12		1		1		19		19		1		2		h1		4		1		0
TM-J12		1		1		18		18		1		2		h1		5		1		0
TM-J12		1		1		10		10		1		1		h1		6		1		0
TM-J12		1		1		9		9		1		1		h1		7		1		0
TM-J12		1		1		14		14		1		1		h1		8		1		0
TM-J12		1		1		5		5		1		0		h1		9		1		0
TM-J12		1		1		1		1		1		0		h1		10		1		0
TM-J12		1		1		0		0		1		0		h1		11		1		0
TM-J12		1		1		35		35		1		3		h2		0		1		0
TM-J12		1		1		34		34		1		3		h2		1		1		0
TM-J12		1		1		33		33		1		3		h2		2		1		0
TM-J12		1		1		24		24		1		2		h2		3		1		0
TM-J12		1		1		25		25		1		2		h2		4		1		0
TM-J12		1		1		26		26		1		2		h2		5		1		0
TM-J12		1		1		17		17		1		1		h2		6		1		0
TM-J12		1		1		16		16		1		1		h2		7		1		0
TM-J12		1		1		15		15		1		1		h2		8		1		0
TM-J12		1		1		6		6		1		0		h2		9		1		0
TM-J12		1		1		7		7		1		0		h2		10		1		0
TM-J12		1		1		8		8		1		0		h2		11		1		0
TM-J12		1		0		33		33		1		3		h3		0		1		0
TM-J12		1		0		34		34		1		3		h3		1		1		0
TM-J12		1		0		35		35		1		3		h3		2		1		0
TM-J12		1		0		26		26		1		2		h3		3		1		0
TM-J12		1		0		25		25		1		2		h3		4		1		0
TM-J12		1		0		24		24		1		2		h3		5		1		0
TM-J12		1		0		15		15		1		1		h3		6		1		0
TM-J12		1		0		16		16		1		1		h3		7		1		0
TM-J12		1		0		17		17		1		1		h3		8		1		0
TM-J12		1		0		8		8		1		0		h3		9		1		0
TM-J12		1		0		7		7		1		0		h3		10		1		0
TM-J12		1		0		6		6		1		0		h3		11		1		0
TM-J12		1		0		29		29		1		3		h4		0		1		0
TM-J12		1		0		30		30		1		3		h4		1		1		0
TM-J12		1		0		32		32		1		3		h4		2		1		0
TM-J12		1		0		23		23		1		2		h4		3		1		0
TM-J12		1		0		20		20		1		2		h4		4		1		0
TM-J12		1		0		21		21		1		2		h4		5		1		0
TM-J12		1		0		11		11		1		1		h4		6		1		0
TM-J12		1		0		12		12		1		1		h4		7		1		0
TM-J12		1		0		14		14		1		1		h4		8		1		0
TM-J12		1		0		5		5		1		0		h4		9		1		0
TM-J12		1		0		1		1		1		0		h4		10		1		0
TM-J12		1		0		3		3		1		0		h4		11		1		0
TM-J12		0		1		-8		-8		1		3		h5		0		1		0
TM-J12		0		1		-9		-9		1		3		h5		1		1		0
TM-J12		0		1		-5		-5		1		3		h5		2		1		0
TM-J12		0		1		-14		-14		1		2		h5		3		1		0
TM-J12		0		1		-17		-17		1		2		h5		4		1		0
TM-J12		0		1		-18		-18		1		2		h5		5		1		0
TM-J12		0		1		-26		-26		1		1		h5		6		1		0
TM-J12		0		1		-27		-27		1		1		h5		7		1		0
TM-J12		0		1		-23		-23		1		1		h5		8		1		0
TM-J12		0		1		-32		-32		1		0		h5		9		1		0
TM-J12		0		1		-36		-36		1		0		h5		10		1		0
TM-J12		0		1		-34		-34		1		0		h5		11		1		0
TM-J12		0		1		29		29		1		3		h6		0		1		0
TM-J12		0		1		30		30		1		3		h6		1		1		0
TM-J12		0		1		31		31		1		3		h6		2		1		0
TM-J12		0		1		22		22		1		2		h6		3		1		0
TM-J12		0		1		20		20		1		2		h6		4		1		0
TM-J12		0		1		21		21		1		2		h6		5		1		0
TM-J12		0		1		11		11		1		1		h6		6		1		0
TM-J12		0		1		12		12		1		1		h6		7		1		0
TM-J12		0		1		13		13		1		1		h6		8		1		0
TM-J12		0		1		4		4		1		0		h6		9		1		0
TM-J12		0		1		2		2		1		0		h6		10		1		0
TM-J12		0		1		3		3		1		0		h6		11		1		0
TM-J12		0		1		28		28		1		3		h7		0		1		0
TM-J12		0		1		27		27		1		3		h7		1		1		0
TM-J12		0		1		32		32		1		3		h7		2		1		0
TM-J12		0		1		23		23		1		2		h7		3		1		0
TM-J12		0		1		19		19		1		2		h7		4		1		0
TM-J12		0		1		18		18		1		2		h7		5		1		0
TM-J12		0		1		10		10		1		1		h7		6		1		0
TM-J12		0		1		9		9		1		1		h7		7		1		0
TM-J12		0		1		14		14		1		1		h7		8		1		0
TM-J12		0		1		5		5		1		0		h7		9		1		0
TM-J12		0		1		1		1		1		0		h7		10		1		0
TM-J12		0		1		0		0		1		0		h7		11		1		0
TM-J12		0		1		35		35		1		3		h8		0		1		0
TM-J12		0		1		34		34		1		3		h8		1		1		0
TM-J12		0		1		33		33		1		3		h8		2		1		0
TM-J12		0		1		24		24		1		2		h8		3		1		0
TM-J12		0		1		25		25		1		2		h8		4		1		0
TM-J12		0		1		26		26		1		2		h8		5		1		0
TM-J12		0		1		17		17		1		1		h8		6		1		0
TM-J12		0		1		16		16		1		1		h8		7		1		0
TM-J12		0		1		15		15		1		1		h8		8		1		0
TM-J12		0		1		6		6		1		0		h8		9		1		0
TM-J12		0		1		7		7		1		0		h8		10		1		0
TM-J12		0		1		8		8		1		0		h8		11		1		0
TM-J12		0		0		33		33		1		3		h9		0		1		0
TM-J12		0		0		34		34		1		3		h9		1		1		0
TM-J12		0		0		35		35		1		3		h9		2		1		0
TM-J12		0		0		26		26		1		2		h9		3		1		0
TM-J12		0		0		25		25		1		2		h9		4		1		0
TM-J12		0		0		24		24		1		2		h9		5		1		0
TM-J12		0		0		15		15		1		1		h9		6		1		0
TM-J12		0		0		16		16		1		1		h9		7		1		0
TM-J12		0		0		17		17		1		1		h9		8		1		0
TM-J12		0		0		8		8		1		0		h9		9		1		0
TM-J12		0		0		7		7		1		0		h9		10		1		0
TM-J12		0		0		6		6		1		0		h9		11		1		0
TM-J12		0		0		29		29		1		3		h10		0		1		0
TM-J12		0		0		30		30		1		3		h10		1		1		0
TM-J12		0		0		32		32		1		3		h10		2		1		0
TM-J12		0		0		23		23		1		2		h10		3		1		0
TM-J12		0		0		20		20		1		2		h10		4		1		0
TM-J12		0		0		21		21		1		2		h10		5		1		0
TM-J12		0		0		11		11		1		1		h10		6		1		0
TM-J12		0		0		12		12		1		1		h10		7		1		0
TM-J12		0		0		14		14		1		1		h10		8		1		0
TM-J12		0		0		5		5		1		0		h10		9		1		0
TM-J12		0		0		1		1		1		0		h10		10		1		0
TM-J12		0		0		3		3		1		0		h10		11		1		0
TM-J12		0		0		28		28		1		3		h11		0		1		0
TM-J12		0		0		27		27		1		3		h11		1		1		0
TM-J12		0		0		31		31		1		3		h11		2		1		0
TM-J12		0		0		22		22		1		2		h11		3		1		0
TM-J12		0		0		19		19		1		2		h11		4		1		0
TM-J12		0		0		18		18		1		2		h11		5		1		0
TM-J12		0		0		10		10		1		1		h11		6		1		0
TM-J12		0		0		9		9		1		1		h11		7		1		0
TM-J12		0		0		13		13		1		1		h11		8		1		0
TM-J12		0		0		4		4		1		0		h11		9		1		0
TM-J12		0		0		0		0		1		0		h11		10		1		0
TM-J12		0		0		2		2		1		0		h11		11		1		0
TM-K11		1		1		28		28		1		3		h12		0		1		0
TM-K11		1		1		27		27		1		3		h12		1		1		0
TM-K11		1		1		32		32		1		3		h12		2		1		0
TM-K11		1		1		23		23		1		2		h12		3		1		0
TM-K11		1		1		19		19		1		2		h12		4		1		0
TM-K11		1		1		18		18		1		2		h12		5		1		0
TM-K11		1		1		10		10		1		1		h12		6		1		0
TM-K11		1		1		9		9		1		1		h12		7		1		0
TM-K11		1		1		14		14		1		1		h12		8		1		0
TM-K11		1		1		5		5		1		0		h12		9		1		0
TM-K11		1		1		1		1		1		0		h12		10		1		0
TM-K11		1		1		0		0		1		0		h12		11		1		0
TM-K11		1		1		35		35		1		3		h13		0		1		0
TM-K11		1		1		34		34		1		3		h13		1		1		0
TM-K11		1		1		33		33		1		3		h13		2		1		0
TM-K11		1		1		24		24		1		2		h13		3		1		0
TM-K11		1		1		25		25		1		2		h13		4		1		0
TM-K11		1		1		26		26		1		2		h13		5		1		0
TM-K11		1		1		17		17		1		1		h13		6		1		0
TM-K11		1		1		16		16		1		1		h13		7		1		0
TM-K11		1		1		15		15		1		1		h13		8		1		0
TM-K11		1		1		6		6		1		0		h13		9		1		0
TM-K11		1		1		7		7		1		0		h13		10		1		0
TM-K11		1		1		8		8		1		0		h13		11		1		0
TM-K11		1		0		33		33		1		3		h14		0		1		0
TM-K11		1		0		34		34		1		3		h14		1		1		0
TM-K11		1		0		35		35		1		3		h14		2		1		0
TM-K11		1		0		26		26		1		2		h14		3		1		0
TM-K11		1		0		25		25		1		2		h14		4		1		0
TM-K11		1		0		24		24		1		2		h14		5		1		0
TM-K11		1		0		15		15		1		1		h14		6		1		0
TM-K11		1		0		16		16		1		1		h14		7		1		0
TM-K11		1		0		17		17		1		1		h14		8		1		0
TM-K11		1		0		8		8		1		0		h14		9		1		0
TM-K11		1		0		7		7		1		0		h14		10		1		0
TM-K11		1		0		6		6		1		0		h14		11		1		0
TM-K11		1		0		29		29		1		3		h15		0		1		0
TM-K11		1		0		30		30		1		3		h15		1		1		0
TM-K11		1		0		32		32		1		3		h15		2		1		0
TM-K11		1		0		23		23		1		2		h15		3		1		0
TM-K11		1		0		20		20		1		2		h15		4		1		0
TM-K11		1		0		21		21		1		2		h15		5		1		0
TM-K11		1		0		11		11		1		1		h15		6		1		0
TM-K11		1		0		12		12		1		1		h15		7		1		0
TM-K11		1		0		14		14		1		1		h15		8		1		0
TM-K11		1		0		5		5		1		0		h15		9		1		0
TM-K11		1		0		1		1		1		0		h15		10		1		0
TM-K11		1		0		3		3		1		0		h15		11		1		0
TM-K11		0		1		-8		-8		1		3		h16		0		1		0
TM-K11		0		1		-9		-9		1		3		h16		1		1		0
TM-K11		0		1		-5		-5		1		3		h16		2		1		0
TM-K11		0		1		-14		-14		1		2		h16		3		1		0
TM-K11		0		1		-17		-17		1		2		h16		4		1		0
TM-K11		0		1		-18		-18		1		2		h16		5		1		0
TM-K11		0		1		-26		-26		1		1		h16		6		1		0
TM-K11		0		1		-27		-27		1		1		h16		7		1		0
TM-K11		0		1		-23		-23		1		1		h16		8		1		0
TM-K11		0		1		-32		-32		1		0		h16		9		1		0
TM-K11		0		1		-36		-36		1		0		h16		10		1		0
TM-K11		0		1		-34		-34		1		0		h16		11		1		0
TM-K11		0		1		29		29		1		3		h17		0		1		0
TM-K11		0		1		30		30		1		3		h17		1		1		0
TM-K11		0		1		31		31		1		3		h17		2		1		0
TM-K11		0		1		22		22		1		2		h17		3		1		0
TM-K11		0		1		20		20		1		2		h17		4		1		0
TM-K11		0		1		21		21		1		2		h17		5		1		0
TM-K11		0		1		11		11		1		1		h17		6		1		0
TM-K11		0		1		12		12		1		1		h17		7		1		0
TM-K11		0		1		13		13		1		1		h17		8		1		0
TM-K11		0		1		4		4		1		0		h17		9		1		0
TM-K11		0		1		2		2		1		0		h17		10		1		0
TM-K11		0		1		3		3		1		0		h17		11		1		0
TM-K11		0		1		28		28		1		3		h18		0		1		0
TM-K11		0		1		27		27		1		3		h18		1		1		0
TM-K11		0		1		32		32		1		3		h18		2		1		0
TM-K11		0		1		23		23		1		2		h18		3		1		0
TM-K11		0		1		19		19		1		2		h18		4		1		0
TM-K11		0		1		18		18		1		2		h18		5		1		0
TM-K11		0		1		10		10		1		1		h18		6		1		0
TM-K11		0		1		9		9		1		1		h18		7		1		0
TM-K11		0		1		14		14		1		1		h18		8		1		0
TM-K11		0		1		5		5		1		0		h18		9		1		0
TM-K11		0		1		1		1		1		0		h18		10		1		0
TM-K11		0		1		0		0		1		0		h18		11		1		0
TM-K11		0		1		35		35		1		3		h19		0		1		0
TM-K11		0		1		34		34		1		3		h19		1		1		0
TM-K11		0		1		33		33		1		3		h19		2		1		0
TM-K11		0		1		24		24		1		2		h19		3		1		0
TM-K11		0		1		25		25		1		2		h19		4		1		0
TM-K11		0		1		26		26		1		2		h19		5		1		0
TM-K11		0		1		17		17		1		1		h19		6		1		0
TM-K11		0		1		16		16		1		1		h19		7		1		0
TM-K11		0		1		15		15		1		1		h19		8		1		0
TM-K11		0		1		6		6		1		0		h19		9		1		0
TM-K11		0		1		7		7		1		0		h19		10		1		0
TM-K11		0		1		8		8		1		0		h19		11		1		0
TM-K11		0		0		33		33		1		3		h20		0		1		0
TM-K11		0		0		34		34		1		3		h20		1		1		0
TM-K11		0		0		35		35		1		3		h20		2		1		0
TM-K11		0		0		26		26		1		2		h20		3		1		0
TM-K11		0		0		25		25		1		2		h20		4		1		0
TM-K11		0		0		24		24		1		2		h20		5		1		0
TM-K11		0		0		15		15		1		1		h20		6		1		0
TM-K11		0		0		16		16		1		1		h20		7		1		0
TM-K11		0		0		17		17		1		1		h20		8		1		0
TM-K11		0		0		8		8		1		0		h20		9		1		0
TM-K11		0		0		7		7		1		0		h20		10		1		0
TM-K11		0		0		6		6		1		0		h20		11		1		0
TM-K11		0		0		29		29		1		3		h21		0		1		0
TM-K11		0		0		30		30		1		3		h21		1		1		0
TM-K11		0		0		32		32		1		3		h21		2		1		0
TM-K11		0		0		23		23		1		2		h21		3		1		0
TM-K11		0		0		20		20		1		2		h21		4		1		0
TM-K11		0		0		21		21		1		2		h21		5		1		0
TM-K11		0		0		11		11		1		1		h21		6		1		0
TM-K11		0		0		12		12		1		1		h21		7		1		0
TM-K11		0		0		14		14		1		1		h21		8		1		0
TM-K11		0		0		5		5		1		0		h21		9		1		0
TM-K11		0		0		1		1		1		0		h21		10		1		0
TM-K11		0		0		3		3		1		0		h21		11		1		0
TM-K11		0		0		28		28		1		3		h22		0		1		0
TM-K11		0		0		27		27		1		3		h22		1		1		0
TM-K11		0		0		31		31		1		3		h22		2		1		0
TM-K11		0		0		22		22		1		2		h22		3		1		0
TM-K11		0		0		19		19		1		2		h22		4		1		0
TM-K11		0		0		18		18		1		2		h22		5		1		0
TM-K11		0		0		10		10		1		1		h22		6		1		0
TM-K11		0		0		9		9		1		1		h22		7		1		0
TM-K11		0		0		13		13		1		1		h22		8		1		0
TM-K11		0		0		4		4		1		0		h22		9		1		0
TM-K11		0		0		0		0		1		0		h22		10		1		0
TM-K11		0		0		2		2		1		0		h22		11		1		0
TM-K12		1		1		29		29		1		3		h12		0		1		0
TM-K12		1		1		30		30		1		3		h12		1		1		0
TM-K12		1		1		31		31		1		3		h12		2		1		0
TM-K12		1		1		22		22		1		2		h12		3		1		0
TM-K12		1		1		20		20		1		2		h12		4		1		0
TM-K12		1		1		21		21		1		2		h12		5		1		0
TM-K12		1		1		11		11		1		1		h12		6		1		0
TM-K12		1		1		12		12		1		1		h12		7		1		0
TM-K12		1		1		13		13		1		1		h12		8		1		0
TM-K12		1		1		4		4		1		0		h12		9		1		0
TM-K12		1		1		2		2		1		0		h12		10		1		0
TM-K12		1		1		3		3		1		0		h12		11		1		0
TM-K12		1		1		28		28		1		3		h13		0		1		0
TM-K12		1		1		27		27		1		3		h13		1		1		0
TM-K12		1		1		32		32		1		3		h13		2		1		0
TM-K12		1		1		23		23		1		2		h13		3		1		0
TM-K12		1		1		19		19		1		2		h13		4		1		0
TM-K12		1		1		18		18		1		2		h13		5		1		0
TM-K12		1		1		10		10		1		1		h13		6		1		0
TM-K12		1		1		9		9		1		1		h13		7		1		0
TM-K12		1		1		14		14		1		1		h13		8		1		0
TM-K12		1		1		5		5		1		0		h13		9		1		0
TM-K12		1		1		1		1		1		0		h13		10		1		0
TM-K12		1		1		0		0		1		0		h13		11		1		0
TM-K12		1		1		35		35		1		3		h14		0		1		0
TM-K12		1		1		34		34		1		3		h14		1		1		0
TM-K12		1		1		33		33		1		3		h14		2		1		0
TM-K12		1		1		24		24		1		2		h14		3		1		0
TM-K12		1		1		25		25		1		2		h14		4		1		0
TM-K12		1		1		26		26		1		2		h14		5		1		0
TM-K12		1		1		17		17		1		1		h14		6		1		0
TM-K12		1		1		16		16		1		1		h14		7		1		0
TM-K12		1		1		15		15		1		1		h14		8		1		0
TM-K12		1		1		6		6		1		0		h14		9		1		0
TM-K12		1		1		7		7		1		0		h14		10		1		0
TM-K12		1		1		8		8		1		0		h14		11		1		0
TM-K12		1		0		33		33		1		3		h15		0		1		0
TM-K12		1		0		34		34		1		3		h15		1		1		0
TM-K12		1		0		35		35		1		3		h15		2		1		0
TM-K12		1		0		26		26		1		2		h15		3		1		0
TM-K12		1		0		25		25		1		2		h15		4		1		0
TM-K12		1		0		24		24		1		2		h15		5		1		0
TM-K12		1		0		15		15		1		1		h15		6		1		0
TM-K12		1		0		16		16		1		1		h15		7		1		0
TM-K12		1		0		17		17		1		1		h15		8		1		0
TM-K12		1		0		8		8		1		0		h15		9		1		0
TM-K12		1		0		7		7		1		0		h15		10		1		0
TM-K12		1		0		6		6		1		0		h15		11		1		0
TM-K12		1		0		29		29		1		3		h16		0		1		0
TM-K12		1		0		30		30		1		3		h16		1		1		0
TM-K12		1		0		32		32		1		3		h16		2		1		0
TM-K12		1		0		23		23		1		2		h16		3		1		0
TM-K12		1		0		20		20		1		2		h16		4		1		0
TM-K12		1		0		21		21		1		2		h16		5		1		0
TM-K12		1		0		11		11		1		1		h16		6		1		0
TM-K12		1		0		12		12		1		1		h16		7		1		0
TM-K12		1		0		14		14		1		1		h16		8		1		0
TM-K12		1		0		5		5		1		0		h16		9		1		0
TM-K12		1		0		1		1		1		0		h16		10		1		0
TM-K12		1		0		3		3		1		0		h16		11		1		0
TM-K12		0		1		-8		-8		1		3		h17		0		1		0
TM-K12		0		1		-9		-9		1		3		h17		1		1		0
TM-K12		0		1		-5		-5		1		3		h17		2		1		0
TM-K12		0		1		-14		-14		1		2		h17		3		1		0
TM-K12		0		1		-17		-17		1		2		h17		4		1		0
TM-K12		0		1		-18		-18		1		2		h17		5		1		0
TM-K12		0		1		-26		-26		1		1		h17		6		1		0
TM-K12		0		1		-27		-27		1		1		h17		7		1		0
TM-K12		0		1		-23		-23		1		1		h17		8		1		0
TM-K12		0		1		-32		-32		1		0		h17		9		1		0
TM-K12		0		1		-36		-36		1		0		h17		10		1		0
TM-K12		0		1		-34		-34		1		0		h17		11		1		0
TM-K12		0		1		29		29		1		3		h18		0		1		0
TM-K12		0		1		30		30		1		3		h18		1		1		0
TM-K12		0		1		31		31		1		3		h18		2		1		0
TM-K12		0		1		22		22		1		2		h18		3		1		0
TM-K12		0		1		20		20		1		2		h18		4		1		0
TM-K12		0		1		21		21		1		2		h18		5		1		0
TM-K12		0		1		11		11		1		1		h18		6		1		0
TM-K12		0		1		12		12		1		1		h18		7		1		0
TM-K12		0		1		13		13		1		1		h18		8		1		0
TM-K12		0		1		4		4		1		0		h18		9		1		0
TM-K12		0		1		2		2		1		0		h18		10		1		0
TM-K12		0		1		3		3		1		0		h18		11		1		0
TM-K12		0		1		28		28		1		3		h19		0		1		0
TM-K12		0		1		27		27		1		3		h19		1		1		0
TM-K12		0		1		32		32		1		3		h19		2		1		0
TM-K12		0		1		23		23		1		2		h19		3		1		0
TM-K12		0		1		19		19		1		2		h19		4		1		0
TM-K12		0		1		18		18		1		2		h19		5		1		0
TM-K12		0		1		10		10		1		1		h19		6		1		0
TM-K12		0		1		9		9		1		1		h19		7		1		0
TM-K12		0		1		14		14		1		1		h19		8		1		0
TM-K12		0		1		5		5		1		0		h19		9		1		0
TM-K12		0		1		1		1		1		0		h19		10		1		0
TM-K12		0		1		0		0		1		0		h19		11		1		0
TM-K12		0		1		35		35		1		3		h20		0		1		0
TM-K12		0		1		34		34		1		3		h20		1		1		0
TM-K12		0		1		33		33		1		3		h20		2		1		0
TM-K12		0		1		24		24		1		2		h20		3		1		0
TM-K12		0		1		25		25		1		2		h20		4		1		0
TM-K12		0		1		26		26		1		2		h20		5		1		0
TM-K12		0		1		17		17		1		1		h20		6		1		0
TM-K12		0		1		16		16		1		1		h20		7		1		0
TM-K12		0		1		15		15		1		1		h20		8		1		0
TM-K12		0		1		6		6		1		0		h20		9		1		0
TM-K12		0		1		7		7		1		0		h20		10		1		0
TM-K12		0		1		8		8		1		0		h20		11		1		0
TM-K12		0		0		33		33		1		3		h21		0		1		0
TM-K12		0		0		34		34		1		3		h21		1		1		0
TM-K12		0		0		35		35		1		3		h21		2		1		0
TM-K12		0		0		26		26		1		2		h21		3		1		0
TM-K12		0		0		25		25		1		2		h21		4		1		0
TM-K12		0		0		24		24		1		2		h21		5		1		0
TM-K12		0		0		15		15		1		1		h21		6		1		0
TM-K12		0		0		16		16		1		1		h21		7		1		0
TM-K12		0		0		17		17		1		1		h21		8		1		0
TM-K12		0		0		8		8		1		0		h21		9		1		0
TM-K12		0		0		7		7		1		0		h21		10		1		0
TM-K12		0		0		6		6		1		0		h21		11		1		0
TM-K12		0		0		29		29		1		3		h22		0		1		0
TM-K12		0		0		30		30		1		3		h22		1		1		0
TM-K12		0		0		32		32		1		3		h22		2		1		0
TM-K12		0		0		23		23		1		2		h22		3		1		0
TM-K12		0		0		20		20		1		2		h22		4		1		0
TM-K12		0		0		21		21		1		2		h22		5		1		0
TM-K12		0		0		11		11		1		1		h22		6		1		0
TM-K12		0		0		12		12		1		1		h22		7		1		0
TM-K12		0		0		14		14		1		1		h22		8		1		0
TM-K12		0		0		5		5		1		0		h22		9		1		0
TM-K12		0		0		1		1		1		0		h22		10		1		0
TM-K12		0		0		3		3		1		0		h22		11		1		0
TM-K12		0		0		28		28		1		3		h23		0		1		0
TM-K12		0		0		27		27		1		3		h23		1		1		0
TM-K12		0		0		31		31		1		3		h23		2		1		0
TM-K12		0		0		22		22		1		2		h23		3		1		0
TM-K12		0		0		19		19		1		2		h23		4		1		0
TM-K12		0		0		18		18		1		2		h23		5		1		0
TM-K12		0		0		10		10		1		1		h23		6		1		0
TM-K12		0		0		9		9		1		1		h23		7		1		0
TM-K12		0		0		13		13		1		1		h23		8		1		0
TM-K12		0		0		4		4		1		0		h23		9		1		0
TM-K12		0		0		0		0		1		0		h23		10		1		0
TM-K12		0		0		2		2		1		0		h23		11		1		0
TM-K6		0		1		29		29		1		3		h12		0		1		0
TM-K6		0		1		30		30		1		3		h12		1		1		0
TM-K6		0		1		31		31		1		3		h12		2		1		0
TM-K6		0		1		22		22		1		2		h12		3		1		0
TM-K6		0		1		20		20		1		2		h12		4		1		0
TM-K6		0		1		21		21		1		2		h12		5		1		0
TM-K6		0		1		11		11		1		1		h12		6		1		0
TM-K6		0		1		12		12		1		1		h12		7		1		0
TM-K6		0		1		13		13		1		1		h12		8		1		0
TM-K6		0		1		4		4		1		0		h12		9		1		0
TM-K6		0		1		2		2		1		0		h12		10		1		0
TM-K6		0		1		3		3		1		0		h12		11		1		0
TM-K6		0		1		28		28		1		3		h13		0		1		0
TM-K6		0		1		27		27		1		3		h13		1		1		0
TM-K6		0		1		32		32		1		3		h13		2		1		0
TM-K6		0		1		23		23		1		2		h13		3		1		0
TM-K6		0		1		19		19		1		2		h13		4		1		0
TM-K6		0		1		18		18		1		2		h13		5		1		0
TM-K6		0		1		10		10		1		1		h13		6		1		0
TM-K6		0		1		9		9		1		1		h13		7		1		0
TM-K6		0		1		14		14		1		1		h13		8		1		0
TM-K6		0		1		5		5		1		0		h13		9		1		0
TM-K6		0		1		1		1		1		0		h13		10		1		0
TM-K6		0		1		0		0		1		0		h13		11		1		0
TM-K6		0		1		35		35		1		3		h14		0		1		0
TM-K6		0		1		34		34		1		3		h14		1		1		0
TM-K6		0		1		33		33		1		3		h14		2		1		0
TM-K6		0		1		24		24		1		2		h14		3		1		0
TM-K6		0		1		25		25		1		2		h14		4		1		0
TM-K6		0		1		26		26		1		2		h14		5		1		0
TM-K6		0		1		17		17		1		1		h14		6		1		0
TM-K6		0		1		16		16		1		1		h14		7		1		0
TM-K6		0		1		15		15		1		1		h14		8		1		0
TM-K6		0		1		6		6		1		0		h14		9		1		0
TM-K6		0		1		7		7		1		0		h14		10		1		0
TM-K6		0		1		8		8		1		0		h14		11		1		0
TM-K6		0		0		33		33		1		3		h15		0		1		0
TM-K6		0		0		34		34		1		3		h15		1		1		0
TM-K6		0		0		35		35		1		3		h15		2		1		0
TM-K6		0		0		26		26		1		2		h15		3		1		0
TM-K6		0		0		25		25		1		2		h15		4		1		0
TM-K6		0		0		24		24		1		2		h15		5		1		0
TM-K6		0		0		15		15		1		1		h15		6		1		0
TM-K6		0		0		16		16		1		1		h15		7		1		0
TM-K6		0		0		17		17		1		1		h15		8		1		0
TM-K6		0		0		8		8		1		0		h15		9		1		0
TM-K6		0		0		7		7		1		0		h15		10		1		0
TM-K6		0		0		6		6		1		0		h15		11		1		0
TM-K6		0		0		29		29		1		3		h16		0		1		0
TM-K6		0		0		30		30		1		3		h16		1		1		0
TM-K6		0		0		32		32		1		3		h16		2		1		0
TM-K6		0		0		23		23		1		2		h16		3		1		0
TM-K6		0		0		20		20		1		2		h16		4		1		0
TM-K6		0		0		21		21		1		2		h16		5		1		0
TM-K6		0		0		11		11		1		1		h16		6		1		0
TM-K6		0		0		12		12		1		1		h16		7		1		0
TM-K6		0		0		14		14		1		1		h16		8		1		0
TM-K6		0		0		5		5		1		0		h16		9		1		0
TM-K6		0		0		1		1		1		0		h16		10		1		0
TM-K6		0		0		3		3		1		0		h16		11		1		0
TM-K6		0		0		28		28		1		3		h17		0		1		0
TM-K6		0		0		27		27		1		3		h17		1		1		0
TM-K6		0		0		31		31		1		3		h17		2		1		0
TM-K6		0		0		22		22		1		2		h17		3		1		0
TM-K6		0		0		19		19		1		2		h17		4		1		0
TM-K6		0		0		18		18		1		2		h17		5		1		0
TM-K6		0		0		10		10		1		1		h17		6		1		0
TM-K6		0		0		9		9		1		1		h17		7		1		0
TM-K6		0		0		13		13		1		1		h17		8		1		0
TM-K6		0		0		4		4		1		0		h17		9		1		0
TM-K6		0		0		0		0		1		0		h17		10		1		0
TM-K6		0		0		2		2		1		0		h17		11		1		0
TM-K8		1		0		29		29		1		3		h12		0		1		0
TM-K8		1		0		30		30		1		3		h12		1		1		0
TM-K8		1		0		32		32		1		3		h12		2		1		0
TM-K8		1		0		23		23		1		2		h12		3		1		0
TM-K8		1		0		20		20		1		2		h12		4		1		0
TM-K8		1		0		21		21		1		2		h12		5		1		0
TM-K8		1		0		11		11		1		1		h12		6		1		0
TM-K8		1		0		12		12		1		1		h12		7		1		0
TM-K8		1		0		14		14		1		1		h12		8		1		0
TM-K8		1		0		5		5		1		0		h12		9		1		0
TM-K8		1		0		1		1		1		0		h12		10		1		0
TM-K8		1		0		3		3		1		0		h12		11		1		0
TM-K8		0		1		-8		-8		1		3		h13		0		1		0
TM-K8		0		1		-9		-9		1		3		h13		1		1		0
TM-K8		0		1		-5		-5		1		3		h13		2		1		0
TM-K8		0		1		-14		-14		1		2		h13		3		1		0
TM-K8		0		1		-17		-17		1		2		h13		4		1		0
TM-K8		0		1		-18		-18		1		2		h13		5		1		0
TM-K8		0		1		-26		-26		1		1		h13		6		1		0
TM-K8		0		1		-27		-27		1		1		h13		7		1		0
TM-K8		0		1		-23		-23		1		1		h13		8		1		0
TM-K8		0		1		-32		-32		1		0		h13		9		1		0
TM-K8		0		1		-36		-36		1		0		h13		10		1		0
TM-K8		0		1		-34		-34		1		0		h13		11		1		0
TM-K8		0		1		29		29		1		3		h14		0		1		0
TM-K8		0		1		30		30		1		3		h14		1		1		0
TM-K8		0		1		31		31		1		3		h14		2		1		0
TM-K8		0		1		22		22		1		2		h14		3		1		0
TM-K8		0		1		20		20		1		2		h14		4		1		0
TM-K8		0		1		21		21		1		2		h14		5		1		0
TM-K8		0		1		11		11		1		1		h14		6		1		0
TM-K8		0		1		12		12		1		1		h14		7		1		0
TM-K8		0		1		13		13		1		1		h14		8		1		0
TM-K8		0		1		4		4		1		0		h14		9		1		0
TM-K8		0		1		2		2		1		0		h14		10		1		0
TM-K8		0		1		3		3		1		0		h14		11		1		0
TM-K8		0		1		28		28		1		3		h15		0		1		0
TM-K8		0		1		27		27		1		3		h15		1		1		0
TM-K8		0		1		32		32		1		3		h15		2		1		0
TM-K8		0		1		23		23		1		2		h15		3		1		0
TM-K8		0		1		19		19		1		2		h15		4		1		0
TM-K8		0		1		18		18		1		2		h15		5		1		0
TM-K8		0		1		10		10		1		1		h15		6		1		0
TM-K8		0		1		9		9		1		1		h15		7		1		0
TM-K8		0		1		14		14		1		1		h15		8		1		0
TM-K8		0		1		5		5		1		0		h15		9		1		0
TM-K8		0		1		1		1		1		0		h15		10		1		0
TM-K8		0		1		0		0		1		0		h15		11		1		0
TM-K8		0		1		35		35		1		3		h16		0		1		0
TM-K8		0		1		34		34		1		3		h16		1		1		0
TM-K8		0		1		33		33		1		3		h16		2		1		0
TM-K8		0		1		24		24		1		2		h16		3		1		0
TM-K8		0		1		25		25		1		2		h16		4		1		0
TM-K8		0		1		26		26		1		2		h16		5		1		0
TM-K8		0		1		17		17		1		1		h16		6		1		0
TM-K8		0		1		16		16		1		1		h16		7		1		0
TM-K8		0		1		15		15		1		1		h16		8		1		0
TM-K8		0		1		6		6		1		0		h16		9		1		0
TM-K8		0		1		7		7		1		0		h16		10		1		0
TM-K8		0		1		8		8		1		0		h16		11		1		0
TM-K8		0		0		33		33		1		3		h17		0		1		0
TM-K8		0		0		34		34		1		3		h17		1		1		0
TM-K8		0		0		35		35		1		3		h17		2		1		0
TM-K8		0		0		26		26		1		2		h17		3		1		0
TM-K8		0		0		25		25		1		2		h17		4		1		0
TM-K8		0		0		24		24		1		2		h17		5		1		0
TM-K8		0		0		15		15		1		1		h17		6		1		0
TM-K8		0		0		16		16		1		1		h17		7		1		0
TM-K8		0		0		17		17		1		1		h17		8		1		0
TM-K8		0		0		8		8		1		0		h17		9		1		0
TM-K8		0		0		7		7		1		0		h17		10		1		0
TM-K8		0		0		6		6		1		0		h17		11		1		0
TM-K8		0		0		29		29		1		3		h18		0		1		0
TM-K8		0		0		30		30		1		3		h18		1		1		0
TM-K8		0		0		32		32		1		3		h18		2		1		0
TM-K8		0		0		23		23		1		2		h18		3		1		0
TM-K8		0		0		20		20		1		2		h18		4		1		0
TM-K8		0		0		21		21		1		2		h18		5		1		0
TM-K8		0		0		11		11		1		1		h18		6		1		0
TM-K8		0		0		12		12		1		1		h18		7		1		0
TM-K8		0		0		14		14		1		1		h18		8		1		0
TM-K8		0		0		5		5		1		0		h18		9		1		0
TM-K8		0		0		1		1		1		0		h18		10		1		0
TM-K8		0		0		3		3		1		0		h18		11		1		0
TM-K8		0		0		28		28		1		3		h19		0		1		0
TM-K8		0		0		27		27		1		3		h19		1		1		0
TM-K8		0		0		31		31		1		3		h19		2		1		0
TM-K8		0		0		22		22		1		2		h19		3		1		0
TM-K8		0		0		19		19		1		2		h19		4		1		0
TM-K8		0		0		18		18		1		2		h19		5		1		0
TM-K8		0		0		10		10		1		1		h19		6		1		0
TM-K8		0		0		9		9		1		1		h19		7		1		0
TM-K8		0		0		13		13		1		1		h19		8		1		0
TM-K8		0		0		4		4		1		0		h19		9		1		0
TM-K8		0		0		0		0		1		0		h19		10		1		0
TM-K8		0		0		2		2		1		0		h19		11		1		0
